{"textures":[{"id":"white","room":"Room2","type":"walls"},{"id":"checkers","room":"Room2","type":"floors"},{"id":"bluestripes","room":"Room1","type":"walls"},{"id":"woodenplanks","room":"Room1","type":"floors"},{"id":"pink","room":"Room3","type":"walls"},{"id":"expensivepurplecarpet","room":"Room3","type":"floors"}],"furnitures":[{"id":"queenslander_rubber_tree","cframe":[200.74600219726563,92.49099731445313,-7.152369976043701,-0.9659297466278076,0,-0.2588047981262207,0,1,0,0.2588047981262207,0,-0.9659297466278076],"colors":{"1":[0.5803921818733215,0.7333333492279053,0.5764706134796143],"3":[0.5803921818733215,0.7333333492279053,0.5764706134796143],"2":[0.5803921818733215,0.7333333492279053,0.5764706134796143],"5":[0.5803921818733215,0.7333333492279053,0.5764706134796143],"4":[0.5803921818733215,0.7333333492279053,0.5764706134796143]},"scale":1.07},{"id":"ropes_horizontalstring_v1","cframe":[169.60299682617188,105.18499755859375,47.8484001159668,0.35345882177352908,0.3533526062965393,-0.8661461472511292,0.7070448994636536,-0.7071692943572998,0.000036269426345825198,-0.6124987006187439,-0.6124168634414673,-0.49979162216186526],"colors":{"1":[0.9215686321258545,0.8901960849761963,0.8313725590705872]},"scale":4.77},{"id":"column_v3_stone","cframe":[128.84100341796876,62.78120040893555,-136.80299377441407,0.7071342468261719,-0,-0.707079291343689,0,1,-0,0.707079291343689,0,0.7071342468261719],"colors":{"1":[0.8745098114013672,0.8549019694328308,0.8235294222831726]},"scale":0.63},{"id":"queenslander_rubber_tree","cframe":[124.58300018310547,116.36000061035156,-159.49099731445313,-0.7071342468261719,0,-0.707079291343689,0,1,0,0.707079291343689,0,-0.7071342468261719],"colors":{"1":[0.5803921818733215,0.7333333492279053,0.5764706134796143],"3":[0.5803921818733215,0.7333333492279053,0.5764706134796143],"2":[0.5803921818733215,0.7333333492279053,0.5764706134796143],"5":[0.5803921818733215,0.7333333492279053,0.5764706134796143],"4":[0.5803921818733215,0.7333333492279053,0.5764706134796143]},"scale":0.57},{"id":"board_walk_turn","cframe":[228.9669952392578,48.81549835205078,33.35820007324219,-0.9658621549606323,0,0.2590571343898773,0,1,0,-0.2590571343898773,0,-0.9658621549606323],"colors":{"1":[0.5176470875740051,0.46666666865348818,0.4313725531101227],"4":[0.4431372582912445,0.40392157435417178,0.3803921639919281],"3":[0.5176470875740051,0.46666666865348818,0.4313725531101227],"2":[0.48627451062202456,0.4431372582912445,0.4156862795352936]},"scale":1},{"id":"wall_tall_plain","cframe":[143.1280059814453,59.11840057373047,-122.93699645996094,0.00008040666580200195,-0.7070602774620056,-0.7071532011032105,0.9999999403953552,0.00008040666580200195,0.000033289194107055667,0.000033289194107055667,-0.7071532011032105,0.7070603370666504],"colors":{"1":[1,1,1]},"scale":0.3},{"id":"torus_v1_stone","cframe":[124.78500366210938,42.72309875488281,-114.60099792480469,1,0,0,0,1,0,0,0,1],"colors":{"1":[0.545098066329956,0.7921568751335144,1]},"scale":0.06},{"id":"round_wall_v2_plain","cframe":[113.55500030517578,56.3130989074707,-45.45100021362305,-0.2588644027709961,0,0.965913712978363,0,1,0,-0.965913712978363,0,-0.2588644027709961],"colors":{"1":[0.572549045085907,0.7254902124404907,0.8549019694328308]},"scale":0.07},{"id":"beam_v3_plain","cframe":[151.16799926757813,107.44100189208985,-136.7949981689453,-0.7071342468261719,0,-0.707079291343689,0,1,0,0.707079291343689,0,-0.7071342468261719],"colors":{"1":[0.843137264251709,0.8274509906768799,0.7882353067398071]},"scale":2.48},{"id":"moon_house_2025_space_flower","cframe":[201.41299438476563,45.49729919433594,-53.205501556396487,-0.8662306070327759,0,0.49964436888694765,0,1,0,-0.49964436888694765,0,-0.8662306070327759],"colors":{"1":[1,0.5764706134796143,0.6823529601097107],"3":[1,0.6509804129600525,0.8078431487083435],"2":[1,0.6470588445663452,0.8784313797950745]},"scale":0.83},{"id":"torus_v1_stone","cframe":[138.27099609375,42.303001403808597,-110.447998046875,1,0,0,0,1,0,0,0,1],"colors":{"1":[0.545098066329956,0.7921568751335144,1]},"scale":0.16},{"id":"space_house_2022_light","cframe":[144.2830047607422,82.01830291748047,-132.63600158691407,-0.7071342468261719,0,-0.707079291343689,0,1,0,0.707079291343689,0,-0.7071342468261719],"colors":{"1":[0.5882353186607361,0.8470588326454163,1],"3":[0.5372549295425415,0.8274509906768799,1],"2":[0.5843137502670288,0.8470588326454163,1]},"scale":0.54},{"id":"biodome_2022_long_bush","cframe":[76.82119750976563,38.899200439453128,-40.897499084472659,-0.9659297466278076,0,-0.2588047981262207,0,1,0,0.2588047981262207,0,-0.9659297466278076],"colors":{"1":[0.6549019813537598,0.843137264251709,1]},"scale":0.11},{"id":"scroll_closed","cframe":[124.625,67.90869903564453,-147.85299682617188,0.7070603370666504,-0.7071532011032105,-0.000033289194107055667,0.000033289194107055667,0.00008040666580200195,-0.9999999403953552,0.7071532011032105,0.7070602774620056,0.00008040666580200195],"colors":{"1":[0.843137264251709,0.8274509906768799,0.7882353067398071],"4":[0.9176470637321472,0.8980392217636108,0.8588235378265381],"3":[0.9254902005195618,0.9019607901573181,0.8588235378265381],"2":[0.9019607901573181,0.8784313797950745,0.8274509906768799]},"scale":1.39},{"id":"moon_house_2025_space_flower","cframe":[159.0959930419922,44.643798828125,-38.78300094604492,0.49970048666000368,0,0.8661982417106628,0,1,0,-0.8661982417106628,0,0.49970048666000368],"colors":{"1":[0.545098066329956,0.6549019813537598,0.7176470756530762],"3":[0.5960784554481506,0.7607843279838562,0.8588235378265381],"2":[0.6901960968971252,0.8784313797950745,0.9921568632125855]},"scale":1.26},{"id":"door_cutout_triangular_large_plain","cframe":[139.64999389648438,49.207801818847659,-176.20700073242188,-0.7071342468261719,0,-0.707079291343689,0,1,0,0.707079291343689,0,-0.7071342468261719],"colors":{"1":[0.8705882430076599,0.8509804010391235,0.8039215803146362]},"scale":0.83},{"id":"queenslander_rubber_tree","cframe":[186.6719970703125,90.69490051269531,-42.244998931884769,1,0,0,0,0.9335875511169434,-0.3583495020866394,0,0.3583495020866394,0.9335875511169434],"colors":{"1":[1,0.7647058963775635,0.9176470637321472],"3":[1,0.7647058963775635,0.9176470637321472],"2":[1,0.7647058963775635,0.9176470637321472],"5":[1,0.7647058963775635,0.9176470637321472],"4":[1,0.7647058963775635,0.9176470637321472]},"scale":0.5},{"id":"door_cutout_rounded_wood","cframe":[264.4159851074219,-3.5117199420928957,-51.75669860839844,0.707200288772583,-0,-0.7070132493972778,0,1,-0,0.7070132493972778,0,0.707200288772583],"colors":{"1":[0.6274510025978088,0.8627451062202454,1]},"scale":6.08},{"id":"trim_v3_bottom_plain","cframe":[189.55799865722657,43.418701171875,-129.947998046875,0.00008040666580200195,0.7070602774620056,-0.7071532011032105,-0.9999999403953552,0.00008040666580200195,-0.000033289194107055667,0.000033289194107055667,0.7071532011032105,0.7070603370666504],"colors":{"1":[0.9254902005195618,0.8980392217636108,0.8274509906768799]},"scale":0.8},{"id":"moon_house_2025_space_flower","cframe":[147.26499938964845,133.0019989013672,-123.13800048828125,-0.611687183380127,-0.7076656818389893,-0.35362130403518679,-0.5003960132598877,-0.000110626220703125,0.8657965660095215,-0.6127336621284485,0.7065473794937134,-0.35404539108276369],"colors":{"1":[0.545098066329956,0.6549019813537598,0.7176470756530762],"3":[0.5960784554481506,0.7607843279838562,0.8588235378265381],"2":[0.6901960968971252,0.8784313797950745,0.9921568632125855]},"scale":0.62},{"id":"biodome_2022_large_tree","cframe":[232.77200317382813,49.10350036621094,-6.988279819488525,-0.49995946884155276,0,-0.8660488128662109,0,1,0,0.8660488128662109,0,-0.49995946884155276],"colors":{"1":[0.5803921818733215,0.7333333492279053,0.5764706134796143],"2":[0.7568627595901489,0.6784313917160034,0.6235294342041016]},"scale":0.28},{"id":"lightbulb","cframe":[159.71800231933595,54.819400787353519,-134.0290069580078,-0.7075304985046387,0.000033010102924890819,0.7066828012466431,0.000033010102924890819,-1,0.00007976103370310739,0.7066828012466431,0.00007976103370310739,0.7075304985046387],"colors":{"1":[0.9529411792755127,0.9333333373069763,0.8941176533699036],"3":[0.6627451181411743,0.8745098114013672,1],"2":[0.9529411792755127,0.9333333373069763,0.8941176533699036]},"scale":0.44},{"id":"expandable_houses_2023_hillside_food_and_water","cframe":[153.04299926757813,49.557098388671878,-103.66500091552735,0.000014424324035644532,-0.7071537971496582,0.7070598602294922,-1,-0.000014424324035644532,0.000005990266799926758,0.000005990266799926758,-0.7070598602294922,-0.7071537971496582],"colors":{"1":[0.843137264251709,0.8274509906768799,0.7882353067398071],"4":[0.9529411792755127,0.9333333373069763,0.8941176533699036],"3":[1,1,1],"2":[1,1,1]},"scale":1.82},{"id":"beam_v1_plain","cframe":[164.35899353027345,45.8120002746582,-202.16700744628907,-0.7071342468261719,0,-0.707079291343689,0,1,0,0.707079291343689,0,-0.7071342468261719],"colors":{"1":[0.9803921580314636,0.9647058844566345,0.9215686321258545]},"scale":0.38},{"id":"space_house_2022_light","cframe":[78.74600219726563,45.575199127197269,-140.02099609375,1,0,0,0,1,0,0,0,1],"colors":{"1":[0.5882353186607361,0.8470588326454163,1],"3":[0.5372549295425415,0.8274509906768799,1],"2":[0.5843137502670288,0.8470588326454163,1]},"scale":0.7},{"id":"queenslander_rubber_tree","cframe":[176.7830047607422,83.43150329589844,34.389801025390628,-0.9659297466278076,0,-0.2588047981262207,0,1,0,0.2588047981262207,0,-0.9659297466278076],"colors":{"1":[0.5803921818733215,0.7333333492279053,0.5764706134796143],"3":[0.5803921818733215,0.7333333492279053,0.5764706134796143],"2":[0.5803921818733215,0.7333333492279053,0.5764706134796143],"5":[0.5803921818733215,0.7333333492279053,0.5764706134796143],"4":[0.5803921818733215,0.7333333492279053,0.5764706134796143]},"scale":1.07},{"id":"basicceilinglight","cframe":[31,13.0001220703125,-9,0,0,1,0,-1,0,1,0,-0],"colors":{"1":[0.6392157077789307,0.6352941393852234,0.6470588445663452]},"scale":1},{"id":"shellseat","cframe":[204.10400390625,45.499000549316409,-57.8400993347168,-0.2585488557815552,0,0.9659981727600098,0,1,0,-0.9659981727600098,0,-0.2585488557815552],"colors":{"1":[0.800000011920929,0.9254902005195618,1],"2":[0.9411764740943909,0.9019607901573181,1]},"scale":1.9},{"id":"bevelled_cylinderv1_stone","cframe":[172.38499450683595,79.3595962524414,31.214500427246095,-0.8662354946136475,-0.459974080324173,-0.19509190320968629,0.000026434659957885743,-0.3905099630355835,0.9205990433692932,-0.4996368885040283,0.7974500060081482,0.33828508853912356],"colors":{"1":[0.572549045085907,0.5254902243614197,0.4941176474094391]},"scale":0.09},{"id":"torus_v3_stone","cframe":[62.18389892578125,67.80590057373047,-91.78359985351563,-0.7071070671081543,-0.7071065306663513,-0.00006008148193359375,-0.00005269050598144531,-0.00003230571746826172,1,-0.7071065306663513,0.7071070671081543,-0.000014424324035644532],"colors":{"1":[0.843137264251709,0.8274509906768799,0.7882353067398071]},"scale":0.89},{"id":"column_v1_plain","cframe":[123.15499877929688,66.17359924316406,-159.01699829101563,-0.7071342468261719,0,-0.707079291343689,0,1,0,0.707079291343689,0,-0.7071342468261719],"colors":{"1":[0.9529411792755127,0.9333333373069763,0.8941176533699036]},"scale":1.4},{"id":"round_wall_v2_plain","cframe":[76.02040100097656,44.3484001159668,-45.014400482177737,-0.2588644027709961,0,0.965913712978363,0,1,0,-0.965913712978363,0,-0.2588644027709961],"colors":{"1":[0.572549045085907,0.7254902124404907,0.8549019694328308]},"scale":0.09},{"id":"queenslander_rubber_tree","cframe":[58.677398681640628,20.279300689697267,-106.63200378417969,-0.7071342468261719,0,-0.707079291343689,0,1,0,0.707079291343689,0,-0.7071342468261719],"colors":{"1":[0.5803921818733215,0.7333333492279053,0.5764706134796143],"3":[0.5803921818733215,0.7333333492279053,0.5764706134796143],"2":[0.5803921818733215,0.7333333492279053,0.5764706134796143],"5":[0.5803921818733215,0.7333333492279053,0.5764706134796143],"4":[0.5803921818733215,0.7333333492279053,0.5764706134796143]},"scale":0.97},{"id":"moon_house_2025_space_flower","cframe":[190.73599243164063,49.49980163574219,-8.578479766845704,-0.5004773139953613,0,0.865749716758728,0,1,0,-0.865749716758728,0,-0.5004773139953613],"colors":{"1":[1,0.5764706134796143,0.6823529601097107],"3":[1,0.6509804129600525,0.8078431487083435],"2":[1,0.6470588445663452,0.8784313797950745]},"scale":1.97},{"id":"medium_island_tree","cframe":[65.466796875,-17.002099990844728,-57.599998474121097,1,0,0,0,1,0,0,0,1],"colors":{"1":[0.5137255191802979,0.6235294342041016,0.529411792755127],"3":[0.5137255191802979,0.6235294342041016,0.529411792755127],"2":[0.5137255191802979,0.6235294342041016,0.529411792755127]},"scale":1.93},{"id":"space_house_2022_light","cframe":[200.052001953125,61.30950164794922,-59.10430145263672,1,-0,0,0,0.8746227025985718,0.4848041832447052,-0,-0.4848041832447052,0.8746227025985718],"colors":{"1":[0.5882353186607361,0.8470588326454163,1],"3":[0.5372549295425415,0.8274509906768799,1],"2":[0.5843137502670288,0.8470588326454163,1]},"scale":1},{"id":"queenslander_door_frame","cframe":[138.02099609375,41.71440124511719,-13.869099617004395,0.8658731579780579,-0,-0.5002636313438416,0,1,-0,0.5002636313438416,0,0.8658731579780579],"colors":{"1":[1,1,1]},"scale":2.2},{"id":"winter_2022_icewall_straight01","cframe":[66.64600372314453,22.22949981689453,-63.444698333740237,-0.2579030990600586,0.9661710262298584,0.0001061558723449707,0.000009357929229736328,0.00011217594146728516,-1.000000238418579,-0.9661710262298584,-0.25790292024612429,-0.00003826618194580078],"colors":{"1":[0.9372549057006836,0.929411768913269,0.9019607901573181],"2":[0.8039215803146362,0.8039215803146362,0.8039215803146362]},"scale":1.81},{"id":"torus_v3_stone","cframe":[107.64299774169922,80.89720153808594,-152.2480010986328,-0.7071537971496582,-0.7070598602294922,0.000005990266799926758,-0.000005990266799926758,0.000014424324035644532,1,-0.7070598602294922,0.7071537971496582,-0.000014424324035644532],"colors":{"1":[0.843137264251709,0.8274509906768799,0.7882353067398071]},"scale":0.74},{"id":"torus_v3_stone","cframe":[142.79600524902345,46.16429901123047,-123.97799682617188,0.000014424324035644532,-0.7071537971496582,-0.7070598602294922,-1,-0.000014424324035644532,-0.000005990266799926758,-0.000005990266799926758,0.7070598602294922,-0.7071537971496582],"colors":{"1":[1,1,1]},"scale":0.18},{"id":"lightbulb","cframe":[249.8000030517578,92.31340026855469,45.44060134887695,-0.8660074472427368,-0,-0.5000314116477966,0,-1.000000238418579,0,-0.5000314116477966,0,0.8660072684288025],"colors":{"1":[0.8235294222831726,0.7882353067398071,0.7215686440467835],"3":[0.6627451181411743,0.8745098114013672,1],"2":[0.8235294222831726,0.7882353067398071,0.7215686440467835]},"scale":1},{"id":"halloween_2023_candelabra_light","cframe":[107.5999984741211,20.941200256347658,-26.100099563598634,-0.9659973382949829,0,-0.2585524916648865,0,1,0,0.2585524916648865,0,-0.9659973382949829],"colors":{"1":[0.8980392217636108,0.8784313797950745,0.8196078538894653],"3":[0.8980392217636108,0.8784313797950745,0.8196078538894653],"2":[0.95686274766922,0.9411764740943909,0.9019607901573181],"5":[0.9607843160629273,0.9529411792755127,0.9254902005195618],"4":[0.8980392217636108,0.8784313797950745,0.8196078538894653],"6":[1,1,1]},"scale":1.89},{"id":"glassdoor","cframe":[145.2519989013672,51.6338005065918,-115.18099975585938,0,0,1,0,1,-0,-1,0,0],"colors":{"1":[0.9529411792755127,0.9333333373069763,0.8941176533699036],"3":[0.9529411792755127,0.9333333373069763,0.8941176533699036],"2":[0.9529411792755127,0.9333333373069763,0.8941176533699036],"5":[0.9411764740943909,0.9176470637321472,0.8705882430076599],"4":[0.23529411852359773,0.4470588266849518,0.5764706134796143]},"scale":0.62},{"id":"queenslander_wall_straight","cframe":[120.3219985961914,77.09989929199219,-151.5469970703125,-0.7071342468261719,0,-0.707079291343689,0,1,0,0.707079291343689,0,-0.7071342468261719],"colors":{"1":[0.9529411792755127,0.9333333373069763,0.8941176533699036],"2":[0.9529411792755127,0.9333333373069763,0.8941176533699036]},"scale":0.92},{"id":"bevelled_cylinderv1_stone","cframe":[174.2790069580078,-47.50659942626953,12.024499893188477,0.8661413192749023,0,0.4997992217540741,0,1,0,-0.4997992217540741,0,0.8661413192749023],"colors":{"1":[0.5647059082984924,0.5647059082984924,0.5647059082984924]},"scale":4.78},{"id":"queenslander_door_frame","cframe":[144.05599975585938,58.512001037597659,-121.4280014038086,-0.7071342468261719,0,-0.707079291343689,0,1,0,0.707079291343689,0,-0.7071342468261719],"colors":{"1":[0.9529411792755127,0.9333333373069763,0.8941176533699036]},"scale":0.5},{"id":"nye_2024_twig_table_lights","cframe":[196.65199279785157,92.00759887695313,-71.49130249023438,1,0,0,0,-0.7193582057952881,-0.6946393847465515,0,0.6946393847465515,-0.7193582057952881],"colors":{"1":[1,1,1],"4":[0.6705882549285889,0.7960784435272217,0.8745098114013672],"3":[1,0.5529412031173706,0.8470588326454163],"2":[1,1,1]},"scale":4.09},{"id":"space_house_2022_light","cframe":[113.72899627685547,56.30690002441406,-118.10199737548828,0.5730298757553101,0.3041754961013794,0.7609953880310059,0.1600303053855896,0.8691642880439758,-0.46791428327560427,-0.8037580251693726,0.3899111747741699,0.4493798017501831],"colors":{"1":[0.5882353186607361,0.8470588326454163,1],"3":[0.5372549295425415,0.8274509906768799,1],"2":[0.5843137502670288,0.8470588326454163,1]},"scale":1},{"id":"halloween_2023_candelabra_light","cframe":[47.29999923706055,13.376500129699707,-23.200000762939454,-0.9659973382949829,0,-0.2585524916648865,0,1,0,0.2585524916648865,0,-0.9659973382949829],"colors":{"1":[0.8980392217636108,0.8784313797950745,0.8196078538894653],"3":[0.8980392217636108,0.8784313797950745,0.8196078538894653],"2":[0.95686274766922,0.9411764740943909,0.9019607901573181],"5":[0.9607843160629273,0.9529411792755127,0.9254902005195618],"4":[0.8980392217636108,0.8784313797950745,0.8196078538894653],"6":[1,1,1]},"scale":1.63},{"id":"lightbulb","cframe":[153.45399475097657,86.40750122070313,-124.55000305175781,0.7071342468261719,0,-0.707079291343689,0,-1,-0,-0.707079291343689,0,-0.7071342468261719],"colors":{"1":[0.9529411792755127,0.9333333373069763,0.8941176533699036],"3":[1,1,1],"2":[0.9529411792755127,0.9333333373069763,0.8941176533699036]},"scale":0.54},{"id":"hospital_refresh_2023_ceiling_light","cframe":[216.07200622558595,47.301300048828128,3.9222800731658937,0.8664091229438782,-0,-0.49933478236198428,0,1,-0,0.49933478236198428,0,0.8664091229438782],"colors":{"1":[0.03921568766236305,0.6431372761726379,1],"2":[0.6392157077789307,0.6352941393852234,0.6470588445663452]},"scale":1},{"id":"torus_v3_stone","cframe":[141.6280059814453,122.9520034790039,-151.10400390625,-0.7071537971496582,-0.7070598602294922,0.000005990266799926758,-0.000005990266799926758,0.000014424324035644532,1,-0.7070598602294922,0.7071537971496582,-0.000014424324035644532],"colors":{"1":[0.843137264251709,0.8274509906768799,0.7882353067398071]},"scale":1.77},{"id":"ropes_verticalstring_v2","cframe":[141.28700256347657,47.44380187988281,-125.61299896240235,0.7070603370666504,-0.7071532011032105,-0.000033289194107055667,0.000033289194107055667,0.00008040666580200195,-0.9999999403953552,0.7071532011032105,0.7070602774620056,0.00008040666580200195],"colors":{"1":[1,1,1]},"scale":0.75},{"id":"birthday_2022_botanical_pet_food_bowl","cframe":[133.8800048828125,34.360801696777347,-48.49919891357422,0.17816805839538575,-0,-0.9840000867843628,0,1,-0,0.9840000867843628,0,0.17816805839538575],"colors":{"1":[1,0.8549019694328308,0.9490196108818054],"3":[0.5686274766921997,0.7019608020782471,0.5882353186607361],"2":[0.5137255191802979,0.6235294342041016,0.529411792755127],"5":[1,0.9529411792755127,0.9843137264251709],"4":[1,0.8823529481887817,0.9607843160629273]},"scale":4.5},{"id":"halloween_2023_candelabra_light","cframe":[207.44500732421876,46.828800201416019,-24.743099212646486,-0.2584439516067505,0,0.9660263061523438,0,1,0,-0.9660263061523438,0,-0.2584439516067505],"colors":{"1":[0.8980392217636108,0.8784313797950745,0.8196078538894653],"3":[0.8980392217636108,0.8784313797950745,0.8196078538894653],"2":[0.95686274766922,0.9411764740943909,0.9019607901573181],"5":[0.9607843160629273,0.9529411792755127,0.9254902005195618],"4":[0.8980392217636108,0.8784313797950745,0.8196078538894653],"6":[1,1,1]},"scale":2.02},{"id":"roof_high_v2_plain","cframe":[123.35199737548828,62.252899169921878,-145.81700134277345,-0.7071342468261719,0,0.707079291343689,0,1,0,-0.707079291343689,0,-0.7071342468261719],"colors":{"1":[0.843137264251709,0.8274509906768799,0.7882353067398071]},"scale":0.52},{"id":"hospital_refresh_2023_ceiling_light","cframe":[132.51499938964845,55.458499908447269,-7.103240013122559,0.8661859631538391,0,0.49972182512283327,0,1,0,-0.49972182512283327,0,0.8661859631538391],"colors":{"1":[0.42352941632270815,0.7372549176216126,1],"2":[0.6392157077789307,0.6352941393852234,0.6470588445663452]},"scale":0.05},{"id":"beam_v1_plain","cframe":[182.89999389648438,42.19430160522461,-121.89600372314453,-0.7071342468261719,0,-0.707079291343689,0,1,0,0.707079291343689,0,-0.7071342468261719],"colors":{"1":[0.9803921580314636,0.9647058844566345,0.9215686321258545]},"scale":0.38},{"id":"sphere_v2_plain","cframe":[138.0850067138672,51.28200149536133,-127.4010009765625,0.000014424324035644532,-0.7071537971496582,-0.7070598602294922,-1,-0.000014424324035644532,-0.000005990266799926758,-0.000005990266799926758,0.7070598602294922,-0.7071537971496582],"colors":{"1":[1,1,1]},"scale":0.08},{"id":"hospital_refresh_2023_ceiling_light","cframe":[132.51499938964845,55.458499908447269,-7.103240013122559,0.8661859631538391,0,0.49972182512283327,0,1,0,-0.49972182512283327,0,0.8661859631538391],"colors":{"1":[0.42352941632270815,0.7372549176216126,1],"2":[0.6392157077789307,0.6352941393852234,0.6470588445663452]},"scale":0.05},{"id":"wall_tall_stone","cframe":[186.6280059814453,69.64109802246094,-127.0719985961914,0.000014424324035644532,0.7071537971496582,-0.7070598602294922,1,-0.000014424324035644532,0.000005990266799926758,-0.000005990266799926758,-0.7070598602294922,-0.7071537971496582],"colors":{"1":[0.9254902005195618,0.8980392217636108,0.8274509906768799]},"scale":0.89},{"id":"floor_double_stone","cframe":[174.1699981689453,41.59619903564453,-161.45799255371095,0.70733243227005,0,0.706881046295166,0,1,0,-0.706881046295166,0,0.70733243227005],"colors":{"1":[0.5921568870544434,0.5921568870544434,0.5921568870544434]},"scale":1},{"id":"biodome_2022_long_bush","cframe":[180.56900024414063,67.49539947509766,-63.912200927734378,-0.7070685625076294,0,-0.7071455717086792,0,1,0,0.7071455717086792,0,-0.7070685625076294],"colors":{"1":[0.6549019813537598,0.843137264251709,1]},"scale":0.13},{"id":"round_wall_v2_plain","cframe":[81.19499969482422,55.58720016479492,-34.36539840698242,-0.2588644027709961,-0,-0.965913712978363,0,-1,0,-0.965913712978363,0,0.2588643431663513],"colors":{"1":[0.572549045085907,0.7254902124404907,0.8549019694328308]},"scale":0.07},{"id":"queenslander_door_frame","cframe":[55.72079849243164,37.59230041503906,-100.55799865722656,0.9659296274185181,0,-0.2588047981262207,0,-1,-0,-0.2588047981262207,0,-0.9659297466278076],"colors":{"1":[0.9529411792755127,0.9333333373069763,0.8941176533699036]},"scale":1.91},{"id":"ailments_refresh_2024_cheap_water_bowl","cframe":[154.50399780273438,42.386199951171878,-105.2020034790039,-1,0,0,0,1,0,0,0,-1],"colors":{"1":[0.6705882549285889,0.7058823704719544,0.7254902124404907],"4":[0.6705882549285889,0.7058823704719544,0.7254902124404907],"3":[0.572549045085907,0.6392157077789307,0.7137255072593689],"2":[0.843137264251709,0.8274509906768799,0.7882353067398071]},"scale":1},{"id":"halloween_2023_candelabra_light","cframe":[131.11099243164063,71.83540344238281,11.272000312805176,0.49970048666000368,-0,-0.8661982417106628,0,1,-0,0.8661982417106628,0,0.49970048666000368],"colors":{"1":[0.8980392217636108,0.8784313797950745,0.8196078538894653],"3":[0.8980392217636108,0.8784313797950745,0.8196078538894653],"2":[0.95686274766922,0.9411764740943909,0.9019607901573181],"5":[0.9607843160629273,0.9529411792755127,0.9254902005195618],"4":[0.8980392217636108,0.8784313797950745,0.8196078538894653],"6":[1,1,1]},"scale":1.67},{"id":"roof_high_v2_plain","cframe":[137.0469970703125,78.181396484375,-131.70700073242188,-0.7071342468261719,0,0.707079291343689,0,1,0,-0.707079291343689,0,-0.7071342468261719],"colors":{"1":[0.843137264251709,0.8274509906768799,0.7882353067398071]},"scale":0.85},{"id":"torus_v3_stone","cframe":[96.52999877929688,55.72269821166992,4.885250091552734,0,-1,0,0,0,1,-1,0,0],"colors":{"1":[0.843137264251709,0.8274509906768799,0.7882353067398071]},"scale":0.28},{"id":"queenslander_door_frame","cframe":[159.8489990234375,42.32350158691406,-103.67500305175781,0,0,-1,0,1,0,1,0,0],"colors":{"1":[0.9529411792755127,0.9333333373069763,0.8941176533699036]},"scale":0.59},{"id":"winter_2024_lights","cframe":[191.49099731445313,88.193603515625,-39.21030044555664,-0.9813010692596436,0.018598128110170366,-0.19157877564430238,0.08582170307636261,-0.8486305475234985,-0.5219777822494507,-0.17228740453720094,-0.5286589860916138,0.8311659097671509],"colors":{"1":[1,0.7450980544090271,0.9137254953384399],"2":[0.800000011920929,0.9254902005195618,1]},"scale":0.65},{"id":"moon_house_2025_space_flower","cframe":[169.7480010986328,43.30350112915039,-65.0905990600586,0.2591795325279236,-0,-0.9658293128013611,0,1,-0,0.9658293128013611,0,0.2591795325279236],"colors":{"1":[0.545098066329956,0.6549019813537598,0.7176470756530762],"3":[0.5960784554481506,0.7607843279838562,0.8588235378265381],"2":[0.6901960968971252,0.8784313797950745,0.9921568632125855]},"scale":0.96},{"id":"column_v1_plain","cframe":[129.27499389648438,131.08200073242188,-151.49899291992188,-0.7071342468261719,0,-0.707079291343689,0,1,0,0.707079291343689,0,-0.7071342468261719],"colors":{"1":[0.9529411792755127,0.9333333373069763,0.8941176533699036]},"scale":0.98},{"id":"queenslander_rubber_tree","cframe":[80.82669830322266,63.784698486328128,-65.63310241699219,0.6830224990844727,-0.19500473141670228,0.7038845419883728,-0.2588249444961548,0.8365445733070374,0.4829108715057373,-0.6830007433891296,-0.5120218992233276,0.5209066867828369],"colors":{"1":[1,0.7647058963775635,0.9176470637321472],"3":[1,0.7647058963775635,0.9176470637321472],"2":[1,0.7647058963775635,0.9176470637321472],"5":[1,0.7647058963775635,0.9176470637321472],"4":[1,0.7647058963775635,0.9176470637321472]},"scale":0.7},{"id":"nye_2024_twig_table_lights","cframe":[261.72601318359377,-21.86210060119629,-42.03839874267578,-0.000014543533325195313,-0.7071537971496582,-0.7070599794387817,1.0000001192092896,-0.000014543533325195313,-0.000005930662155151367,-0.000005930662155151367,-0.7070599794387817,0.7071536779403687],"colors":{"1":[1,0.7647058963775635,0.9176470637321472],"4":[1,0.8588235378265381,0.9529411792755127],"3":[1,0.7647058963775635,0.9176470637321472],"2":[0.10588235408067703,0.16470588743686677,0.2078431397676468]},"scale":10.79},{"id":"racehouse_2023_fence_corner_outer","cframe":[132.26699829101563,42.09519958496094,-128.2220001220703,-0.7071342468261719,0,0.707079291343689,0,1,0,-0.707079291343689,0,-0.7071342468261719],"colors":{"1":[1,1,1],"4":[0.843137264251709,0.8274509906768799,0.7882353067398071],"3":[0.9529411792755127,0.9333333373069763,0.8941176533699036],"2":[0.843137264251709,0.8274509906768799,0.7882353067398071]},"scale":1.09},{"id":"sphere_v2_plain","cframe":[121.9469985961914,76.32230377197266,-149.9810028076172,0.000014424324035644532,-0.7071537971496582,-0.7070598602294922,-1,-0.000014424324035644532,-0.000005990266799926758,-0.000005990266799926758,0.7070598602294922,-0.7071537971496582],"colors":{"1":[1,1,1]},"scale":0.08},{"id":"beam_v3_plain","cframe":[116.31199645996094,49.56370162963867,1.5458999872207642,1,0,0,0,1,0,0,0,1],"colors":{"1":[0.843137264251709,0.8274509906768799,0.7882353067398071]},"scale":3.18},{"id":"torus_v2_plain","cframe":[181.16600036621095,85.00779724121094,45.58430099487305,0.8662306070327759,-0,-0.49964436888694765,0,1,-0,0.49964436888694765,0,0.8662306070327759],"colors":{"1":[1,0.7607843279838562,0.8627451062202454]},"scale":0.99},{"id":"queenslander_rubber_tree","cframe":[91.8458023071289,44.167999267578128,-108.69999694824219,1,0,0,0,1,0,0,0,1],"colors":{"1":[0.5803921818733215,0.7333333492279053,0.5764706134796143],"3":[0.5803921818733215,0.7333333492279053,0.5764706134796143],"2":[0.5803921818733215,0.7333333492279053,0.5764706134796143],"5":[0.5803921818733215,0.7333333492279053,0.5764706134796143],"4":[0.5803921818733215,0.7333333492279053,0.5764706134796143]},"scale":1.3},{"id":"hospital_refresh_2023_ceiling_light","cframe":[107.90799713134766,91.7780990600586,-163.08599853515626,0.000014424324035644532,-0.7071537971496582,-0.7070598602294922,-1,-0.000014424324035644532,-0.000005990266799926758,-0.000005990266799926758,0.7070598602294922,-0.7071537971496582],"colors":{"1":[0.3803921639919281,0.7686274647712708,1],"2":[0.6392157077789307,0.6352941393852234,0.6470588445663452]},"scale":0.05},{"id":"moon_house_2025_space_flower","cframe":[62.16400146484375,92.21829986572266,-91.84829711914063,0.18290221691131593,-0.7076560258865356,-0.6824732422828674,-0.96592116355896,-0.000028371810913085939,-0.258836567401886,0.18314792215824128,0.7065570950508118,-0.6835451126098633],"colors":{"1":[1,0.5764706134796143,0.6823529601097107],"3":[1,0.6509804129600525,0.8078431487083435],"2":[1,0.6470588445663452,0.8784313797950745]},"scale":1.08},{"id":"nye_2024_twig_table_lights","cframe":[98.86360168457031,34.40409851074219,-158.2209930419922,-0.7071342468261719,0,-0.707079291343689,0,1,0,0.707079291343689,0,-0.7071342468261719],"colors":{"1":[0.7686274647712708,0.7803921699523926,0.8313725590705872],"4":[0.7803921699523926,0.8509804010391235,0.8941176533699036],"3":[1,1,1],"2":[0.10588235408067703,0.16470588743686677,0.2078431397676468]},"scale":4.56},{"id":"lightbulb","cframe":[86.5,59.22100067138672,-127.69999694824219,-1,0,0,0,-1,0,0,0,1],"colors":{"1":[0.9529411792755127,0.9333333373069763,0.8941176533699036],"3":[0.6627451181411743,0.8745098114013672,1],"2":[0.9529411792755127,0.9333333373069763,0.8941176533699036]},"scale":0.8},{"id":"nye_2024_twig_table_lights","cframe":[276.24798583984377,9.810059547424317,-66.55460357666016,-0.000014543533325195313,-0.7071537971496582,-0.7070599794387817,1.0000001192092896,-0.000014543533325195313,-0.000005930662155151367,-0.000005930662155151367,-0.7070599794387817,0.7071536779403687],"colors":{"1":[1,0.7647058963775635,0.9176470637321472],"4":[1,0.8588235378265381,0.9529411792755127],"3":[1,0.7647058963775635,0.9176470637321472],"2":[0.10588235408067703,0.16470588743686677,0.2078431397676468]},"scale":10.79},{"id":"torus_v1_stone","cframe":[124.78500366210938,42.4546012878418,-114.60099792480469,1,0,0,0,1,0,0,0,1],"colors":{"1":[0.545098066329956,0.7921568751335144,1]},"scale":0.15},{"id":"ropes_horizontalstring_v2","cframe":[187.58700561523438,96.04570007324219,-41.614601135253909,0.000004172325134277344,0.0000028908252716064455,1,0.933557391166687,-0.3584280014038086,-0.0000028908252716064455,0.3584279716014862,0.933557391166687,-0.000004291534423828125],"colors":{"1":[0.5921568870544434,0.7686274647712708,0.8745098114013672]},"scale":0.91},{"id":"nye_2024_starburst_table_light","cframe":[207.27000427246095,85.68409729003906,-19.894899368286134,0.8662752509117127,0,0.49956709146499636,0,1,0,-0.49956709146499636,0,0.8662752509117127],"colors":{"1":[1,1,1],"3":[1,1,1],"2":[1,1,1]},"scale":6.41},{"id":"lightbulb","cframe":[117.68699645996094,56.384498596191409,-153.0919952392578,0.7071342468261719,0,-0.707079291343689,0,-1,-0,-0.707079291343689,0,-0.7071342468261719],"colors":{"1":[0.9529411792755127,0.9333333373069763,0.8941176533699036],"3":[1,1,1],"2":[0.9529411792755127,0.9333333373069763,0.8941176533699036]},"scale":0.77},{"id":"space_house_2022_light","cframe":[175.3459930419922,41.67259979248047,-158.56100463867188,1,0,0,0,1,0,0,0,1],"colors":{"1":[0.5882353186607361,0.8470588326454163,1],"3":[0.5372549295425415,0.8274509906768799,1],"2":[0.5843137502670288,0.8470588326454163,1]},"scale":1.19},{"id":"space_house_2022_light","cframe":[144.2830047607422,88.54149627685547,-132.63600158691407,-0.7071342468261719,0,-0.707079291343689,0,1,0,0.707079291343689,0,-0.7071342468261719],"colors":{"1":[0.5882353186607361,0.8470588326454163,1],"3":[0.5372549295425415,0.8274509906768799,1],"2":[0.5843137502670288,0.8470588326454163,1]},"scale":0.54},{"id":"queenslander_door_frame","cframe":[96.4634017944336,28.864299774169923,2.8427700996398927,-1,0,0,0,1,0,0,0,-1],"colors":{"1":[0.9529411792755127,0.9333333373069763,0.8941176533699036]},"scale":1.42},{"id":"nye_2024_starburst_table_light","cframe":[262.593994140625,-62.32929992675781,-79.90249633789063,0.707200288772583,-0,-0.7070132493972778,0,1,-0,0.7070132493972778,0,0.707200288772583],"colors":{"1":[0.6470588445663452,0.8666666746139526,1],"3":[0.7764706015586853,0.6509804129600525,0.42352941632270815],"2":[0.6196078658103943,0.8588235378265381,1]},"scale":10.31},{"id":"cone_v2_plain","cframe":[159.9770050048828,92.1615982055664,-118.13300323486328,-0.7071342468261719,0,-0.707079291343689,0,1,0,0.707079291343689,0,-0.7071342468261719],"colors":{"1":[0.843137264251709,0.8274509906768799,0.7882353067398071]},"scale":1.32},{"id":"queenslander_wall_straight","cframe":[134.5229949951172,72.53710174560547,-130.8979949951172,-0.7071342468261719,0,-0.707079291343689,0,1,0,0.707079291343689,0,-0.7071342468261719],"colors":{"1":[0.9529411792755127,0.9333333373069763,0.8941176533699036],"2":[0.9529411792755127,0.9333333373069763,0.8941176533699036]},"scale":0.69},{"id":"round_wall_v2_plain","cframe":[185.71400451660157,71.06929779052735,-59.25490188598633,-0.7071342468261719,0,0.707079291343689,0,1,0,-0.707079291343689,0,-0.7071342468261719],"colors":{"1":[0.572549045085907,0.7254902124404907,0.8549019694328308]},"scale":0.1},{"id":"queenslander_rubber_tree","cframe":[104.72200012207031,45.01250076293945,-164.6219940185547,-0.7071342468261719,0,-0.707079291343689,0,1,0,0.707079291343689,0,-0.7071342468261719],"colors":{"1":[0.5803921818733215,0.7333333492279053,0.5764706134796143],"3":[0.5803921818733215,0.7333333492279053,0.5764706134796143],"2":[0.5803921818733215,0.7333333492279053,0.5764706134796143],"5":[0.5803921818733215,0.7333333492279053,0.5764706134796143],"4":[0.5803921818733215,0.7333333492279053,0.5764706134796143]},"scale":0.81},{"id":"beam_v3_plain","cframe":[108.42900085449219,64.53710174560547,-155.87899780273438,-0.7071342468261719,0,-0.707079291343689,0,1,0,0.707079291343689,0,-0.7071342468261719],"colors":{"1":[0.843137264251709,0.8274509906768799,0.7882353067398071]},"scale":3.55},{"id":"biodome_2022_long_bush","cframe":[73.19259643554688,46.92430114746094,-63.30590057373047,-0.9659297466278076,0,-0.2588047981262207,0,1,0,0.2588047981262207,0,-0.9659297466278076],"colors":{"1":[0.6549019813537598,0.843137264251709,1]},"scale":0.11},{"id":"queenslander_door_frame","cframe":[195.2779998779297,52.3400993347168,-134.48199462890626,0.7071342468261719,-0,-0.707079291343689,0,1,-0,0.707079291343689,0,0.7071342468261719],"colors":{"1":[0.9529411792755127,0.9333333373069763,0.8941176533699036]},"scale":0.67},{"id":"queenslander_rubber_tree","cframe":[84.93109893798828,40.189701080322269,-157.77000427246095,0.9702872633934021,0,0.24195581674575807,0,1,0,-0.24195581674575807,0,0.9702872633934021],"colors":{"1":[0.5803921818733215,0.7333333492279053,0.5764706134796143],"3":[0.5803921818733215,0.7333333492279053,0.5764706134796143],"2":[0.5803921818733215,0.7333333492279053,0.5764706134796143],"5":[0.5803921818733215,0.7333333492279053,0.5764706134796143],"4":[0.5803921818733215,0.7333333492279053,0.5764706134796143]},"scale":1.22},{"id":"magic_dining_table","cframe":[242.2689971923828,24.720500946044923,42.11249923706055,0.8664091229438782,-0,-0.49933478236198428,0,1,-0,0.49933478236198428,0,0.8664091229438782],"colors":{"1":[0.6470588445663452,0.8666666746139526,1],"3":[0.5843137502670288,0.7647058963775635,0.8745098114013672],"2":[0.5843137502670288,0.7647058963775635,0.8745098114013672]},"scale":6.67},{"id":"hospital_refresh_2023_ceiling_light","cframe":[37.600101470947269,14.166500091552735,-45.600101470947269,0.49970048666000368,-0,-0.8661982417106628,0,1,-0,0.8661982417106628,0,0.49970048666000368],"colors":{"1":[0.37254902720451357,0.7647058963775635,1],"2":[0.6392157077789307,0.6352941393852234,0.6470588445663452]},"scale":0.05},{"id":"beam_v3_plain","cframe":[177.98199462890626,49.480499267578128,33.06769943237305,-0.8662306070327759,0,0.49964436888694765,0,1,0,-0.49964436888694765,0,-0.8662306070327759],"colors":{"1":[0.9215686321258545,0.8901960849761963,0.8313725590705872]},"scale":2.01},{"id":"biodome_2022_long_bush","cframe":[152.08200073242188,62.09939956665039,-55.317901611328128,-0.9659297466278076,0,0.2588047981262207,0,1,0,-0.2588047981262207,0,-0.9659297466278076],"colors":{"1":[0.6549019813537598,0.843137264251709,1]},"scale":0.13},{"id":"biodome_2022_four_leaf","cframe":[166.53799438476563,79.49459838867188,49.07529830932617,-0.35302793979644778,-0.8660959005355835,0.35390546917915347,-0.7071813344955444,-0.0006554126739501953,-0.7070318460464478,0.6125893592834473,-0.49987733364105227,-0.6122555732727051],"colors":{"1":[0.7450980544090271,0.8274509906768799,0.8745098114013672]},"scale":0.19},{"id":"scroll_closed","cframe":[138.3040008544922,45.426998138427737,-128.26600646972657,0.000014424324035644532,-0.7071537971496582,-0.7070598602294922,-1,-0.000014424324035644532,-0.000005990266799926758,-0.000005990266799926758,0.7070598602294922,-0.7071537971496582],"colors":{"1":[0.843137264251709,0.8274509906768799,0.7882353067398071],"4":[0.9176470637321472,0.8980392217636108,0.8588235378265381],"3":[0.9254902005195618,0.9019607901573181,0.8588235378265381],"2":[0.9019607901573181,0.8784313797950745,0.8274509906768799]},"scale":1.01},{"id":"queenslander_rubber_tree","cframe":[149.5240020751953,73.14360046386719,-105.96199798583985,-0.7071342468261719,0,0.707079291343689,0,-1,0,0.707079291343689,0,0.7071342468261719],"colors":{"1":[0.5803921818733215,0.7333333492279053,0.5764706134796143],"3":[0.5803921818733215,0.7333333492279053,0.5764706134796143],"2":[0.5803921818733215,0.7333333492279053,0.5764706134796143],"5":[0.5803921818733215,0.7333333492279053,0.5764706134796143],"4":[0.5803921818733215,0.7333333492279053,0.5764706134796143]},"scale":0.35},{"id":"wall_tall_plain","cframe":[144.08200073242188,72.25659942626953,-121.98200225830078,0.7071342468261719,-0,-0.707079291343689,0,1,-0,0.707079291343689,0,0.7071342468261719],"colors":{"1":[1,1,1]},"scale":0.3},{"id":"queenslander_rubber_tree","cframe":[150.45899963378907,41.18730163574219,-93.75969696044922,1,0,0,0,1,0,0,0,1],"colors":{"1":[0.5803921818733215,0.7333333492279053,0.5764706134796143],"3":[0.5803921818733215,0.7333333492279053,0.5764706134796143],"2":[0.5803921818733215,0.7333333492279053,0.5764706134796143],"5":[0.5803921818733215,0.7333333492279053,0.5764706134796143],"4":[0.5803921818733215,0.7333333492279053,0.5764706134796143]},"scale":0.8},{"id":"large_island_rock","cframe":[249.79100036621095,110.77799987792969,58.05120086669922,-0.000051021575927734378,-0.8664189577102661,-0.4993177056312561,1,-0.000051021575927734378,-0.000013634562492370606,-0.000013634562492370606,-0.4993177056312561,0.8664189577102661],"colors":{"1":[0.5215686559677124,0.5215686559677124,0.5215686559677124]},"scale":1.18},{"id":"space_house_2022_light","cframe":[120.68800354003906,81.33350372314453,-150.13299560546876,-0.7071342468261719,0,-0.707079291343689,0,1,0,0.707079291343689,0,-0.7071342468261719],"colors":{"1":[0.5882353186607361,0.8470588326454163,1],"3":[0.5372549295425415,0.8274509906768799,1],"2":[0.5843137502670288,0.8470588326454163,1]},"scale":0.78},{"id":"sphere_v3_glass","cframe":[120.57599639892578,81.92590